 2 5 3 0 5 5 1 14.9537
 2 5 3 1 5 5 2 14.9741
 2 5 3 2 5 5 3 14.9937
 2 5 3 3 5 5 4 15.0123
 2 5 3 4 5 5 5 15.0296
 2 5 3 5 5 5 6 15.0441
 2 5 3 6 5 5 7 15.0589
 2 5 3 7 5 5 8 15.0777
 2 5 3 8 5 5 9 15.1016
 2 5 3 9 5 5 10 15.1255
 2 5 3 10 5 5 11 15.1461
 2 5 3 18 5 5 19 15.1636
 2 5 3 19 5 5 20 15.164
 2 5 3 11 5 5 12 15.1641
 2 5 3 17 5 5 18 15.1675
 2 5 3 20 5 5 21 15.168
 2 5 3 21 5 5 22 15.1721
 2 5 3 16 5 5 17 15.174
 2 5 3 22 5 5 23 15.1769
 2 5 3 12 5 5 13 15.1774
 2 5 3 15 5 5 16 15.1778
 2 5 3 14 5 5 15 15.1835
 2 5 3 23 5 6 0 15.1853
 2 5 3 13 5 5 14 15.192
 2 5 4 0 5 6 1 15.1928
 2 5 4 1 5 6 2 15.2021
 2 5 4 6 5 6 7 15.2033
 2 5 4 7 5 6 8 15.2036
 2 5 4 8 5 6 9 15.2059
 2 5 4 2 5 6 3 15.2071
 2 5 4 5 5 6 6 15.2114
 2 5 4 9 5 6 10 15.2137
 2 5 4 3 5 6 4 15.2142
 2 5 4 4 5 6 5 15.2185
 2 5 4 10 5 6 11 15.22
 2 5 4 11 5 6 12 15.2253
 2 5 4 12 5 6 13 15.2443
 2 5 4 13 5 6 14 15.2627
 2 5 4 14 5 6 15 15.2685
 2 5 4 15 5 6 16 15.2892
 2 5 4 16 5 6 17 15.302
 2 5 4 17 5 6 18 15.3053
 2 5 4 18 5 6 19 15.31
 2 5 4 19 5 6 20 15.3133
 2 5 5 6 5 7 7 15.3174
 2 5 4 20 5 6 21 15.3184
 2 5 5 5 5 7 6 15.3189
 2 5 5 7 5 7 8 15.3209
 2 5 4 21 5 6 22 15.3226
 2 5 5 4 5 7 5 15.3227
 2 5 5 3 5 7 4 15.3271
 2 5 4 22 5 6 23 15.3283
 2 5 5 8 5 7 9 15.3299
 2 5 5 2 5 7 3 15.3301
 2 5 4 23 5 7 0 15.3322
 2 5 5 0 5 7 1 15.3343
 2 5 5 1 5 7 2 15.3343
 2 5 5 9 5 7 10 15.3441
 2 5 5 10 5 7 11 15.3563
 2 5 5 11 5 7 12 15.3686
 2 5 5 12 5 7 13 15.381
 2 5 5 13 5 7 14 15.3942
 2 5 5 14 5 7 15 15.4064
 2 5 5 15 5 7 16 15.4182
 2 5 5 16 5 7 17 15.4299
 2 5 5 17 5 7 18 15.4377
 2 5 5 18 5 7 19 15.4421
 2 5 5 19 5 7 20 15.4453
 2 5 5 20 5 7 21 15.4467
 2 5 5 21 5 7 22 15.448
 2 5 5 22 5 7 23 15.4519
 2 5 5 23 5 8 0 15.4657
 2 5 6 0 5 8 1 15.4805
 2 5 6 1 5 8 2 15.4919
 2 5 6 2 5 8 3 15.504
 2 5 6 3 5 8 4 15.5155
 2 5 6 4 5 8 5 15.5253
 2 5 6 5 5 8 6 15.5373
 2 5 6 6 5 8 7 15.5501
 2 5 6 7 5 8 8 15.564
 2 5 6 8 5 8 9 15.5814
 2 5 6 9 5 8 10 15.6037
 2 5 6 10 5 8 11 15.628
 2 5 6 11 5 8 12 15.6538
 2 5 6 12 5 8 13 15.6812
 2 5 6 13 5 8 14 15.7213
 2 5 6 14 5 8 15 15.7565
 2 5 6 15 5 8 16 15.7884
 2 5 6 16 5 8 17 15.8299
 2 5 6 17 5 8 18 15.845
 2 5 6 18 5 8 19 15.8562
 2 5 6 19 5 8 20 15.8772
 2 5 6 20 5 8 21 15.8955
 2 5 6 21 5 8 22 15.9096
 2 5 6 22 5 8 23 15.9224
 2 5 6 23 5 9 0 15.9386
 2 5 7 0 5 9 1 15.9493
 2 5 7 1 5 9 2 15.9674
 2 5 7 2 5 9 3 15.9861
 2 5 7 3 5 9 4 16.0074
 2 5 7 4 5 9 5 16.0324
 2 5 7 5 5 9 6 16.0556
 2 5 7 6 5 9 7 16.0898
 2 5 7 7 5 9 8 16.1434
 2 5 7 8 5 9 9 16.2046
 2 5 7 9 5 9 10 16.2868
 2 5 7 10 5 9 11 16.4077
 11 5 3 15 5 5 16 17.6984
 11 5 3 14 5 5 15 17.7014
 11 5 3 16 5 5 17 17.7049
 11 5 3 13 5 5 14 17.7075
 11 5 3 11 5 5 12 17.7141
 11 5 3 22 5 5 23 17.7164
 11 5 3 12 5 5 13 17.7165
 11 5 3 10 5 5 11 17.7174
 11 5 3 17 5 5 18 17.7195
 11 5 3 5 5 5 6 17.7199
 11 5 3 6 5 5 7 17.7214
 11 5 3 9 5 5 10 17.7223
 11 5 3 21 5 5 22 17.7247
 11 5 3 8 5 5 9 17.7263
 11 5 3 23 5 6 0 17.7269
 11 5 3 7 5 5 8 17.7302
 11 5 3 18 5 5 19 17.7309
 11 5 3 4 5 5 5 17.7317
 11 5 4 0 5 6 1 17.7375
 11 5 3 20 5 5 21 17.7382
 11 5 3 19 5 5 20 17.7392
 11 5 3 3 5 5 4 17.7462
 11 5 4 1 5 6 2 17.7497
 11 5 4 2 5 6 3 17.7523
 11 5 4 3 5 6 4 17.7533
 11 5 4 4 5 6 5 17.7579
 11 5 3 2 5 5 3 17.7637
 11 5 4 5 5 6 6 17.7657
 11 5 4 6 5 6 7 17.7768
 11 5 3 1 5 5 2 17.7886
 11 5 4 7 5 6 8 17.7937
 11 5 4 8 5 6 9 17.8116
 11 5 3 0 5 5 1 17.8118
 11 5 4 9 5 6 10 17.8274
 11 5 4 17 5 6 18 17.838
 11 5 4 10 5 6 11 17.8382
 11 5 4 16 5 6 17 17.8413
 11 5 4 11 5 6 12 17.8441
 11 5 4 12 5 6 13 17.8462
 11 5 4 13 5 6 14 17.8496
 11 5 4 15 5 6 16 17.8499
 11 5 4 18 5 6 19 17.8508
 11 5 4 14 5 6 15 17.8526
 11 5 4 19 5 6 20 17.8665
 11 5 4 20 5 6 21 17.8904
 11 5 4 21 5 6 22 17.9108
 11 5 4 22 5 6 23 17.9396
 11 5 5 1 5 7 2 17.9529
 11 5 5 0 5 7 1 17.9561
 11 5 4 23 5 7 0 17.9596
 11 5 5 2 5 7 3 17.9639
 11 5 5 3 5 7 4 17.9824
 11 5 5 4 5 7 5 18.0019
 11 5 5 5 5 7 6 18.023
 11 5 5 6 5 7 7 18.0518
 11 5 5 7 5 7 8 18.0864
 11 5 5 8 5 7 9 18.1078
 11 5 5 9 5 7 10 18.1117
 11 5 5 10 5 7 11 18.1185
 11 5 5 11 5 7 12 18.1294
 11 5 5 12 5 7 13 18.1408
 11 5 5 13 5 7 14 18.1511
 11 5 5 14 5 7 15 18.1553
 11 5 5 15 5 7 16 18.1624
 11 5 5 16 5 7 17 18.1947
 11 5 5 19 5 7 20 18.2263
 11 5 5 20 5 7 21 18.2266
 11 5 5 21 5 7 22 18.2283
 11 5 5 17 5 7 18 18.2284
 11 5 5 18 5 7 19 18.2288
 11 5 5 22 5 7 23 18.2407
 11 5 5 23 5 8 0 18.2495
 11 5 6 0 5 8 1 18.2509
 11 5 6 1 5 8 2 18.26
 11 5 6 2 5 8 3 18.2674
 11 5 6 3 5 8 4 18.2757
 11 5 6 4 5 8 5 18.291
 11 5 6 5 5 8 6 18.3125
 11 5 6 6 5 8 7 18.3319
 11 5 6 7 5 8 8 18.353
 11 5 6 8 5 8 9 18.3759
 11 5 6 9 5 8 10 18.3961
 11 5 6 10 5 8 11 18.4141
 11 5 6 11 5 8 12 18.434
 11 5 6 12 5 8 13 18.4615
 11 5 6 13 5 8 14 18.4818
 11 5 6 14 5 8 15 18.4979
 11 5 6 15 5 8 16 18.5175
 11 5 6 16 5 8 17 18.5415
 11 5 6 17 5 8 18 18.5702
 11 5 6 18 5 8 19 18.5976
 11 5 6 19 5 8 20 18.6234
 11 5 7 0 5 9 1 18.6236
 11 5 6 21 5 8 22 18.6272
 11 5 6 23 5 9 0 18.6282
 11 5 6 20 5 8 21 18.6291
 11 5 6 22 5 8 23 18.6302
 11 5 7 1 5 9 2 18.6308
 11 5 7 2 5 9 3 18.6489
 11 5 7 3 5 9 4 18.6689
 11 5 7 4 5 9 5 18.6889
 11 5 7 5 5 9 6 18.7083
 11 5 8 5 5 10 6 18.7238
 11 5 7 6 5 9 7 18.7284
 11 5 8 4 5 10 5 18.7287
 11 5 8 6 5 10 7 18.7299
 11 5 8 3 5 10 4 18.7348
 11 5 8 2 5 10 3 18.7447
 11 5 7 7 5 9 8 18.7515
 11 5 8 7 5 10 8 18.7525
 11 5 8 1 5 10 2 18.7544
 11 5 8 0 5 10 1 18.7653
 11 5 7 8 5 9 9 18.7682
 11 5 8 8 5 10 9 18.7773
 11 5 7 9 5 9 10 18.7784
 11 5 7 23 5 10 0 18.7816
 11 5 7 19 5 9 20 18.7816
 11 5 7 21 5 9 22 18.7828
 11 5 7 20 5 9 21 18.7852
 11 5 7 22 5 9 23 18.7853
 11 5 8 9 5 10 10 18.7943
 11 5 7 10 5 9 11 18.7951
 11 5 8 10 5 10 11 18.8057
 11 5 7 18 5 9 19 18.8113
 11 5 7 11 5 9 12 18.8128
 11 5 8 11 5 10 12 18.8163
 11 5 7 12 5 9 13 18.824
 11 5 8 12 5 10 13 18.8291
 11 5 7 13 5 9 14 18.8305
 11 5 7 15 5 9 16 18.8307
 11 5 7 14 5 9 15 18.831
 11 5 8 13 5 10 14 18.837
 11 5 7 16 5 9 17 18.8379
 11 5 7 17 5 9 18 18.8386